seconds,PMred,PMir,Tflow,Qflow,CO,CObkg,Aflow,TC,bat1,bat2,temp1,temp2,CO2,CO2bkg,RH,PMtemp
1.00,131071,131071,-1,13490,16325,18196,131071,131071,131071,131071,131071,131071,131071,131071,131071,131071
4.00,131071,131071,0,21026,24328,25514,131071,131071,131071,131071,131071,131071,131071,131071,131071,131071
7.00,131071,131071,-1,27675,31685,32052,131071,131071,131071,131071,131071,131071,131071,131071,131071,131071
10.00,131071,131071,0,33746,38700,38042,131071,131071,131071,131071,131071,131071,131071,131071,131071,131071
13.00,131071,131071,-1,39367,45464,43591,131071,131071,131071,131071,131071,131071,131071,131071,131071,131071
16.00,131071,131071,-1,44599,51991,48760,131071,131071,131071,131071,131071,131071,131071,131071,131071,131071
19.00,131071,131071,0,49489,58272,53588,131071,131071,131071,131071,131071,131071,131071,131071,131071,131071
22.00,131071,131071,-1,54072,64309,58106,131071,131071,131071,131071,131071,131071,131071,131071,131071,131071
25.00,131071,131071,0,58373,131071,62343,131071,131071,131071,131071,131071,131071,131071,131071,131071,131071
28.00,131071,131071,-1,62412,131071,131071,131071,131071,131071,131071,131071,131071,131071,131071,131071,131071
31.00,131071,131071,0,131071,131071,131071,131071,131071,131071,131071,131071,131071,131071,131071,131071,131071
34.00,131071,131071,-1,131071,131071,131071,131071,131071,131071,131071,131071,131071,131071,131071,131071,131071
37.00,131071,131071,-1,131071,131071,131071,131071,131071,131071,131071,131071,131071,131071,131071,131071,131071
40.00,131071,131071,-1,131071,131071,131071,131071,131071,131071,131071,131071,131071,131071,131071,131071,131071
43.00,131071,131071,0,131071,131071,131071,131071,131071,131071,131071,131071,131071,131071,131071,131071,131071
46.00,131071,131071,-1,131071,131071,131071,131071,131071,131071,131071,131071,131071,131071,131071,131071,131071
49.00,131071,131071,0,131071,131071,131071,131071,131071,131071,131071,131071,131071,131071,131071,131071,131071
52.00,131071,131071,0,131071,131071,131071,131071,131071,131071,131071,131071,131071,131071,131071,131071,131071
55.00,131071,131071,-1,131071,131071,131071,131071,131071,131071,131071,131071,131071,131071,131071,131071,131071
58.00,131071,131071,0,131071,131071,131071,131071,131071,131071,131071,131071,131071,131071,131071,131071,131071
61.00,131071,131071,-1,131071,131071,131071,131071,131071,131071,131071,131071,131071,131071,131071,131071,131071
64.00,131071,131071,-1,131071,131071,131071,131071,131071,131071,131071,131071,131071,131071,131071,131071,131071
67.00,131071,131071,0,131071,131071,131071,131071,131071,131071,131071,131071,131071,131071,131071,131071,131071
70.00,131071,131071,0,131071,131071,131071,131071,131071,131071,131071,131071,131071,131071,131071,131071,131071
73.00,131071,131071,-1,131071,131071,131071,131071,131071,131071,131071,131071,131071,131071,131071,131071,131071
76.00,131071,131071,-1,131071,131071,131071,131071,131071,131071,131071,131071,131071,131071,131071,131071,131071
79.00,131071,131071,-1,131071,131071,131071,131071,131071,131071,131071,131071,131071,131071,131071,131071,131071
82.00,131071,131071,0,131071,131071,131071,131071,131071,131071,131071,131071,131071,131071,131071,131071,131071
85.00,131071,131071,0,131071,131071,131071,131071,131071,131071,131071,131071,131071,131071,131071,131071,131071
88.00,131071,131071,-1,131071,131071,131071,131071,131071,131071,131071,131071,131071,131071,131071,131071,131071
91.00,131071,131071,0,131071,131071,131071,131071,131071,131071,131071,131071,131071,131071,131071,131071,131071
94.00,131071,131071,0,131071,131071,131071,131071,131071,131071,131071,131071,131071,131071,131071,131071,131071
97.00,131071,131071,-1,131071,131071,131071,131071,131071,131071,131071,131071,131071,131071,131071,131071,131071
100.00,131071,131071,-1,131071,131071,131071,131071,131071,131071,131071,131071,131071,131071,131071,131071,131071
103.00,131071,131071,-1,131071,131071,131071,131071,131071,131071,131071,131071,131071,131071,131071,131071,131071
106.00,131071,131071,-1,131071,131071,131071,131071,131071,131071,131071,131071,131071,131071,131071,131071,131071
109.00,131071,131071,0,131071,131071,131071,131071,131071,131071,131071,131071,131071,131071,131071,131071,131071
112.00,131071,131071,-1,131071,131071,131071,131071,131071,131071,131071,131071,131071,131071,131071,131071,131071
115.00,131071,131071,0,131071,131071,131071,131071,131071,131071,131071,131071,131071,131071,131071,131071,131071
118.00,131071,131071,-1,131071,131071,131071,131071,131071,131071,131071,131071,131071,131071,131071,131071,131071
121.00,131071,131071,-1,131071,131071,131071,131071,131071,131071,131071,131071,131071,131071,131071,131071,131071
124.00,131071,131071,-1,131071,131071,131071,131071,131071,131071,131071,131071,131071,131071,131071,131071,131071
127.00,131071,131071,-1,131071,131071,131071,131071,131071,131071,131071,131071,131071,131071,131071,131071,131071
130.00,131071,131071,-1,131071,131071,131071,131071,131071,131071,131071,131071,131071,131071,131071,131071,131071
133.00,131071,131071,0,131071,131071,131071,131071,131071,131071,131071,131071,131071,131071,131071,131071,131071
136.00,131071,131071,-1,131071,131071,131071,131071,131071,131071,131071,131071,131071,131071,131071,131071,131071
139.00,131071,131071,0,131071,131071,131071,131071,131071,131071,131071,131071,131071,131071,131071,131071,131071
142.00,131071,131071,0,131071,131071,131071,131071,131071,131071,131071,131071,131071,131071,131071,131071,131071
145.00,131071,131071,0,131071,131071,131071,131071,131071,131071,131071,131071,131071,131071,131071,131071,131071
148.00,131071,131071,-1,131071,131071,131071,131071,131071,131071,131071,131071,131071,131071,131071,131071,131071
151.00,131071,131071,-1,131071,131071,131071,131071,131071,131071,131071,131071,131071,131071,131071,131071,131071
154.00,131071,131071,-1,131071,131071,131071,131071,131071,131071,131071,131071,131071,131071,131071,131071,131071
157.00,131071,131071,-1,131071,131071,131071,131071,131071,131071,131071,131071,131071,131071,131071,131071,131071
160.00,131071,131071,-1,131071,131071,131071,131071,131071,131071,131071,131071,131071,131071,131071,131071,131071
163.00,131071,131071,-1,131071,131071,131071,131071,131071,131071,131071,131071,131071,131071,131071,131071,131071
166.00,131071,131071,-1,131071,131071,131071,131071,131071,131071,131071,131071,131071,131071,131071,131071,131071
169.00,131071,131071,-1,131071,131071,131071,131071,131071,131071,131071,131071,131071,131071,131071,131071,131071
172.00,131071,131071,-1,131071,131071,131071,131071,131071,131071,131071,131071,131071,131071,131071,131071,131071
175.00,131071,131071,-1,131071,131071,131071,131071,131071,131071,131071,131071,131071,131071,131071,131071,131071
178.00,131071,131071,-1,131071,131071,131071,131071,131071,131071,131071,131071,131071,131071,131071,131071,131071
181.00,131071,131071,-1,131071,131071,131071,131071,131071,131071,131071,131071,131071,131071,131071,131071,131071
184.00,131071,131071,0,131071,131071,131071,131071,131071,131071,131071,131071,131071,131071,131071,131071,131071
187.00,131071,131071,-1,131071,131071,131071,131071,131071,131071,131071,131071,131071,131071,131071,131071,131071
190.00,131071,131071,-1,131071,131071,131071,131071,131071,131071,131071,131071,131071,131071,131071,131071,131071
193.00,131071,131071,0,131071,131071,131071,131071,131071,131071,131071,131071,131071,131071,131071,131071,131071
196.00,131071,131071,-1,131071,131071,131071,131071,131071,131071,131071,131071,131071,131071,131071,131071,131071
199.00,131071,131071,0,131071,131071,131071,131071,131071,131071,131071,131071,131071,131071,131071,131071,131071
202.00,131071,131071,0,131071,131071,131071,131071,131071,131071,131071,131071,131071,131071,131071,131071,131071
205.00,131071,131071,-1,131071,131071,131071,131071,131071,131071,131071,131071,131071,131071,131071,131071,131071
208.00,131071,131071,-1,131071,131071,131071,131071,131071,131071,131071,131071,131071,131071,131071,131071,131071
211.00,131071,131071,0,131071,131071,131071,131071,131071,131071,131071,131071,131071,131071,131071,131071,131071
214.00,131071,131071,0,131071,131071,131071,131071,131071,131071,131071,131071,131071,131071,131071,131071,131071
217.00,131071,131071,-1,131071,131071,131071,131071,131071,131071,131071,131071,131071,131071,131071,131071,131071
220.00,131071,131071,-1,131071,131071,131071,131071,131071,131071,131071,131071,131071,131071,131071,131071,131071
223.00,131071,131071,0,131071,131071,131071,131071,131071,131071,131071,131071,131071,131071,131071,131071,131071
226.00,131071,131071,0,131071,131071,131071,131071,131071,131071,131071,131071,131071,131071,131071,131071,131071
229.00,131071,131071,-1,131071,131071,131071,131071,131071,131071,131071,131071,131071,131071,131071,131071,131071
232.00,131071,131071,-1,131071,131071,131071,131071,131071,131071,131071,131071,131071,131071,131071,131071,131071
235.00,131071,131071,-1,131071,131071,131071,131071,131071,131071,131071,131071,131071,131071,131071,131071,131071
